>CTGTTATT	1-CTGTTATT	6.940380	-27.791190	0	T:29.0(46.77%),B:4926.0(10.73%),P:1e-12	Tpos:103.7,Tstd:52.1,Bpos:101.1,Bstd:67.2,StrandBias:0.7,Multiplicity:1.17
0.001	0.939	0.001	0.059
0.001	0.001	0.001	0.997
0.001	0.001	0.850	0.148
0.040	0.171	0.045	0.744
0.025	0.026	0.126	0.823
0.854	0.020	0.057	0.069
0.104	0.038	0.041	0.817
0.001	0.001	0.001	0.997
>TACCTTTT	2-TACCTTTT	8.236954	-18.418080	0	T:8.0(12.90%),B:308.2(0.67%),P:1e-7	Tpos:46.0,Tstd:29.3,Bpos:99.8,Bstd:65.6,StrandBias:0.7,Multiplicity:1.00
0.100	0.100	0.100	0.700
0.700	0.100	0.100	0.100
0.100	0.700	0.100	0.100
0.100	0.700	0.100	0.100
0.100	0.100	0.100	0.700
0.100	0.100	0.100	0.700
0.100	0.100	0.100	0.700
0.100	0.100	0.100	0.700
>GAGCACAT	3-GAGCACAT	6.343749	-18.171183	0	T:17.0(27.42%),B:2406.2(5.24%),P:1e-7	Tpos:112.1,Tstd:49.8,Bpos:100.1,Bstd:68.8,StrandBias:0.0,Multiplicity:1.06
0.001	0.001	0.997	0.001
0.997	0.001	0.001	0.001
0.371	0.001	0.627	0.001
0.038	0.960	0.001	0.001
0.878	0.001	0.120	0.001
0.001	0.997	0.001	0.001
0.997	0.001	0.001	0.001
0.420	0.001	0.001	0.578
>TATCAGCC	4-TATCAGCC	7.512510	-17.745373	0	T:17.0(27.42%),B:2478.0(5.40%),P:1e-7	Tpos:107.3,Tstd:50.1,Bpos:100.9,Bstd:64.4,StrandBias:0.7,Multiplicity:1.06
0.001	0.057	0.001	0.941
0.602	0.298	0.049	0.051
0.001	0.078	0.069	0.852
0.001	0.997	0.001	0.001
0.997	0.001	0.001	0.001
0.001	0.001	0.906	0.092
0.095	0.796	0.108	0.001
0.001	0.997	0.001	0.001
>GTCCACAT	5-GTCCACAT	6.848329	-15.964907	0	T:18.0(29.03%),B:3162.3(6.89%),P:1e-6	Tpos:101.2,Tstd:53.4,Bpos:100.1,Bstd:66.6,StrandBias:-0.1,Multiplicity:1.17
0.001	0.052	0.946	0.001
0.185	0.195	0.001	0.619
0.001	0.689	0.001	0.309
0.001	0.829	0.001	0.169
0.878	0.001	0.001	0.120
0.001	0.767	0.231	0.001
0.997	0.001	0.001	0.001
0.001	0.001	0.001	0.997
>GYCAAACR	6-GYCAAACR	7.932140	-15.470472	0	T:10.0(16.13%),B:841.3(1.83%),P:1e-6	Tpos:96.8,Tstd:52.5,Bpos:97.7,Bstd:66.6,StrandBias:-1.2,Multiplicity:1.00
0.001	0.049	0.820	0.130
0.049	0.418	0.136	0.397
0.046	0.952	0.001	0.001
0.997	0.001	0.001	0.001
0.858	0.054	0.087	0.001
0.977	0.001	0.021	0.001
0.322	0.537	0.087	0.054
0.455	0.054	0.484	0.007
>ATTTGTAT	7-ATTTGTAT	10.942625	-14.788169	0	T:8.0(12.90%),B:497.8(1.08%),P:1e-6	Tpos:161.5,Tstd:36.4,Bpos:92.1,Bstd:74.3,StrandBias:0.7,Multiplicity:1.00
0.997	0.001	0.001	0.001
0.001	0.001	0.001	0.997
0.001	0.001	0.001	0.997
0.001	0.001	0.117	0.881
0.001	0.001	0.997	0.001
0.001	0.001	0.001	0.997
0.997	0.001	0.001	0.001
0.001	0.001	0.001	0.997
>AAAGYAAC	8-AAAGYAAC	7.934738	-14.452442	0	T:15.0(24.19%),B:2401.8(5.23%),P:1e-6	Tpos:63.4,Tstd:61.5,Bpos:100.2,Bstd:65.8,StrandBias:0.4,Multiplicity:1.14
0.782	0.001	0.001	0.216
0.962	0.036	0.001	0.001
0.870	0.001	0.128	0.001
0.001	0.279	0.719	0.001
0.001	0.541	0.001	0.457
0.958	0.001	0.001	0.040
0.779	0.001	0.001	0.219
0.420	0.578	0.001	0.001
>CACTAGAG	9-CACTAGAG	9.029101	-13.999287	0	T:7.0(11.29%),B:377.8(0.82%),P:1e-6	Tpos:87.1,Tstd:40.3,Bpos:100.3,Bstd:65.4,StrandBias:2.6,Multiplicity:1.00
0.001	0.997	0.001	0.001
0.997	0.001	0.001	0.001
0.001	0.997	0.001	0.001
0.001	0.001	0.001	0.997
0.997	0.001	0.001	0.001
0.001	0.001	0.997	0.001
0.997	0.001	0.001	0.001
0.130	0.001	0.868	0.001
>CGGTGTGC	10-CGGTGTGC	6.291044	-13.724667	0	T:21.0(33.87%),B:4959.7(10.80%),P:1e-5	Tpos:108.8,Tstd:52.3,Bpos:98.4,Bstd:75.3,StrandBias:-0.2,Multiplicity:1.14
0.100	0.700	0.100	0.100
0.100	0.100	0.700	0.100
0.100	0.100	0.700	0.100
0.100	0.100	0.100	0.700
0.100	0.100	0.700	0.100
0.100	0.100	0.100	0.700
0.100	0.100	0.700	0.100
0.100	0.700	0.100	0.100
>ACAGTAAT	11-ACAGTAAT	8.672427	-12.450654	0	T:8.0(12.90%),B:682.6(1.49%),P:1e-5	Tpos:126.4,Tstd:55.2,Bpos:99.4,Bstd:74.6,StrandBias:-0.7,Multiplicity:1.00
0.997	0.001	0.001	0.001
0.001	0.997	0.001	0.001
0.997	0.001	0.001	0.001
0.001	0.001	0.997	0.001
0.001	0.001	0.001	0.997
0.997	0.001	0.001	0.001
0.997	0.001	0.001	0.001
0.001	0.091	0.001	0.907
>GTCTCTAG	12-GTCTCTAG	7.958919	-11.023668	0	T:10.0(16.13%),B:1389.8(3.03%),P:1e-4	Tpos:55.7,Tstd:59.7,Bpos:101.8,Bstd:67.4,StrandBias:0.3,Multiplicity:1.10
0.001	0.001	0.997	0.001
0.001	0.263	0.001	0.735
0.001	0.723	0.001	0.275
0.001	0.001	0.001	0.997
0.001	0.734	0.264	0.001
0.140	0.031	0.001	0.828
0.997	0.001	0.001	0.001
0.001	0.001	0.997	0.001
>CAAATATT	13-CAAATATT	10.381909	-6.336111	0	T:5.0(8.06%),B:641.3(1.40%),P:1e-2	Tpos:136.0,Tstd:56.3,Bpos:104.2,Bstd:65.8,StrandBias:0.4,Multiplicity:1.75
0.001	0.897	0.101	0.001
0.596	0.064	0.339	0.001
0.997	0.001	0.001	0.001
0.935	0.063	0.001	0.001
0.001	0.001	0.001	0.997
0.997	0.001	0.001	0.001
0.001	0.001	0.001	0.997
0.001	0.001	0.001	0.997
