>ATTTGCTTTA	1-ATTTGCTTTA	8.043439	-31.643677	0	T:17.0(27.42%),B:1007.6(2.19%),P:1e-13	Tpos:77.4,Tstd:60.0,Bpos:101.3,Bstd:64.3,StrandBias:0.2,Multiplicity:1.00
0.613	0.001	0.385	0.001
0.001	0.001	0.331	0.667
0.001	0.001	0.001	0.997
0.001	0.001	0.001	0.997
0.351	0.001	0.647	0.001
0.010	0.678	0.305	0.007
0.001	0.001	0.001	0.997
0.001	0.001	0.001	0.997
0.001	0.342	0.001	0.656
0.919	0.002	0.001	0.078
>AACTGTTATT	2-AACTGTTATT	10.700665	-31.483548	0	T:10.0(16.13%),B:158.1(0.34%),P:1e-13	Tpos:132.6,Tstd:47.6,Bpos:105.9,Bstd:66.4,StrandBias:1.2,Multiplicity:1.00
0.997	0.001	0.001	0.001
0.997	0.001	0.001	0.001
0.001	0.869	0.001	0.129
0.001	0.001	0.001	0.997
0.001	0.001	0.997	0.001
0.001	0.138	0.151	0.710
0.001	0.001	0.001	0.997
0.892	0.001	0.001	0.106
0.339	0.001	0.001	0.659
0.001	0.001	0.001	0.997
>GCCTCATAGA	3-GCCTCATAGA	6.646202	-30.476442	0	T:11.0(17.74%),B:254.4(0.55%),P:1e-13	Tpos:84.9,Tstd:49.9,Bpos:103.2,Bstd:71.2,StrandBias:2.2,Multiplicity:1.00
0.001	0.001	0.997	0.001
0.017	0.981	0.001	0.001
0.001	0.997	0.001	0.001
0.001	0.001	0.001	0.997
0.001	0.997	0.001	0.001
0.997	0.001	0.001	0.001
0.001	0.063	0.001	0.935
0.815	0.001	0.001	0.183
0.001	0.001	0.997	0.001
0.815	0.183	0.001	0.001
>NTACCTTTTN	4-NTACCTTTTN	6.498401	-29.063660	0	T:8.0(12.90%),B:80.0(0.17%),P:1e-12	Tpos:46.0,Tstd:29.3,Bpos:95.7,Bstd:58.4,StrandBias:0.7,Multiplicity:1.00
0.243	0.304	0.251	0.202
0.135	0.181	0.158	0.526
0.499	0.145	0.187	0.169
0.170	0.536	0.143	0.151
0.125	0.557	0.101	0.217
0.160	0.119	0.108	0.613
0.131	0.161	0.136	0.572
0.137	0.147	0.172	0.544
0.122	0.112	0.141	0.625
0.277	0.263	0.223	0.237
>CCATTAAATT	5-CCATTAAATT	10.289340	-24.720058	0	T:8.0(12.90%),B:137.3(0.30%),P:1e-10	Tpos:64.8,Tstd:37.0,Bpos:92.4,Bstd:61.1,StrandBias:1.6,Multiplicity:1.00
0.001	0.675	0.323	0.001
0.001	0.694	0.002	0.303
0.630	0.001	0.001	0.368
0.344	0.001	0.021	0.634
0.001	0.001	0.001	0.997
0.997	0.001	0.001	0.001
0.720	0.278	0.001	0.001
0.665	0.001	0.001	0.333
0.001	0.001	0.001	0.997
0.001	0.001	0.001	0.997
>TAACAAATAT	6-TAACAAATAT	10.168677	-23.803457	0	T:9.0(14.52%),B:240.8(0.52%),P:1e-10	Tpos:144.5,Tstd:50.7,Bpos:102.7,Bstd:67.7,StrandBias:-0.7,Multiplicity:1.44
0.001	0.150	0.104	0.745
0.997	0.001	0.001	0.001
0.997	0.001	0.001	0.001
0.001	0.932	0.001	0.066
0.710	0.001	0.288	0.001
0.895	0.103	0.001	0.001
0.905	0.093	0.001	0.001
0.001	0.001	0.001	0.997
0.997	0.001	0.001	0.001
0.001	0.001	0.108	0.890
>AGTCCGCTGT	7-AGTCCGCTGT	8.295396	-23.355702	0	T:13.0(20.97%),B:823.4(1.79%),P:1e-10	Tpos:82.3,Tstd:41.1,Bpos:99.1,Bstd:70.9,StrandBias:0.7,Multiplicity:1.00
0.884	0.001	0.001	0.114
0.001	0.254	0.744	0.001
0.001	0.132	0.001	0.866
0.001	0.997	0.001	0.001
0.143	0.561	0.175	0.121
0.001	0.001	0.882	0.116
0.001	0.988	0.001	0.010
0.175	0.153	0.127	0.545
0.001	0.001	0.997	0.001
0.001	0.291	0.137	0.571
>TAAATACAAG	8-TAAATACAAG	10.819048	-23.103893	0	T:9.0(14.52%),B:260.3(0.57%),P:1e-10	Tpos:103.7,Tstd:32.9,Bpos:103.9,Bstd:68.5,StrandBias:0.3,Multiplicity:1.22
0.001	0.001	0.001	0.997
0.753	0.001	0.245	0.001
0.997	0.001	0.001	0.001
0.997	0.001	0.001	0.001
0.001	0.227	0.001	0.771
0.997	0.001	0.001	0.001
0.247	0.751	0.001	0.001
0.997	0.001	0.001	0.001
0.783	0.001	0.001	0.215
0.216	0.267	0.516	0.001
>CTTTGTGKTA	9-CTTTGTGKTA	9.391795	-21.514475	0	T:11.0(17.74%),B:592.8(1.29%),P:1e-9	Tpos:93.7,Tstd:59.1,Bpos:101.3,Bstd:65.4,StrandBias:0.3,Multiplicity:1.00
0.001	0.997	0.001	0.001
0.001	0.001	0.001	0.997
0.001	0.422	0.001	0.576
0.320	0.001	0.001	0.678
0.001	0.001	0.997	0.001
0.001	0.001	0.001	0.997
0.001	0.001	0.811	0.187
0.239	0.001	0.338	0.422
0.001	0.001	0.001	0.997
0.798	0.200	0.001	0.001
>TCAAGTGTGT	10-TCAAGTGTGT	7.511403	-21.160339	0	T:8.0(12.90%),B:216.3(0.47%),P:1e-9	Tpos:104.2,Tstd:67.6,Bpos:97.6,Bstd:72.9,StrandBias:0.0,Multiplicity:1.00
0.001	0.024	0.001	0.974
0.001	0.978	0.020	0.001
0.997	0.001	0.001	0.001
0.997	0.001	0.001	0.001
0.001	0.096	0.902	0.001
0.001	0.001	0.001	0.997
0.026	0.001	0.972	0.001
0.001	0.001	0.001	0.997
0.001	0.024	0.974	0.001
0.001	0.001	0.001	0.997
>AWAGGGGCCG	11-AWAGGGGCCG	4.157218	-19.636102	0	T:18.0(29.03%),B:2488.3(5.42%),P:1e-8	Tpos:102.8,Tstd:58.1,Bpos:101.4,Bstd:67.2,StrandBias:1.1,Multiplicity:1.39
0.504	0.324	0.171	0.001
0.513	0.001	0.119	0.367
0.997	0.001	0.001	0.001
0.001	0.001	0.997	0.001
0.233	0.001	0.765	0.001
0.001	0.001	0.997	0.001
0.001	0.001	0.997	0.001
0.001	0.687	0.311	0.001
0.001	0.680	0.318	0.001
0.001	0.001	0.997	0.001
>ACATCAGGGA	12-ACATCAGGGA	11.511558	-19.312921	0	T:6.0(9.68%),B:94.7(0.21%),P:1e-8	Tpos:115.4,Tstd:44.8,Bpos:97.8,Bstd:66.9,StrandBias:1.6,Multiplicity:1.33
0.997	0.001	0.001	0.001
0.221	0.777	0.001	0.001
0.800	0.001	0.001	0.198
0.001	0.001	0.001	0.997
0.001	0.997	0.001	0.001
0.997	0.001	0.001	0.001
0.001	0.001	0.800	0.198
0.001	0.001	0.997	0.001
0.195	0.001	0.803	0.001
0.997	0.001	0.001	0.001
>GGTCCTTTAT	13-GGTCCTTTAT	12.664719	-18.890175	0	T:4.0(6.45%),B:15.6(0.03%),P:1e-8	Tpos:80.0,Tstd:25.4,Bpos:104.3,Bstd:73.7,StrandBias:10.0,Multiplicity:1.00
0.001	0.001	0.997	0.001
0.001	0.001	0.997	0.001
0.001	0.310	0.001	0.688
0.001	0.997	0.001	0.001
0.001	0.997	0.001	0.001
0.001	0.001	0.001	0.997
0.001	0.001	0.001	0.997
0.001	0.001	0.001	0.997
0.997	0.001	0.001	0.001
0.001	0.001	0.001	0.997
>CACATTTCTG	14-CACATTTCTG	11.497498	-18.744508	0	T:7.0(11.29%),B:186.4(0.41%),P:1e-8	Tpos:113.7,Tstd:67.9,Bpos:102.4,Bstd:66.7,StrandBias:0.4,Multiplicity:1.00
0.001	0.810	0.001	0.188
0.997	0.001	0.001	0.001
0.001	0.997	0.001	0.001
0.997	0.001	0.001	0.001
0.001	0.001	0.149	0.849
0.001	0.001	0.229	0.769
0.001	0.219	0.001	0.779
0.001	0.997	0.001	0.001
0.001	0.001	0.001	0.997
0.001	0.001	0.997	0.001
>ACCAGTTSAT	15-ACCAGTTSAT	9.425980	-17.729237	0	T:7.0(11.29%),B:216.8(0.47%),P:1e-7	Tpos:85.1,Tstd:74.5,Bpos:103.7,Bstd:68.6,StrandBias:0.4,Multiplicity:1.00
0.997	0.001	0.001	0.001
0.001	0.997	0.001	0.001
0.001	0.997	0.001	0.001
0.758	0.240	0.001	0.001
0.001	0.001	0.997	0.001
0.001	0.001	0.001	0.997
0.269	0.269	0.001	0.461
0.001	0.550	0.448	0.001
0.489	0.001	0.269	0.241
0.001	0.001	0.179	0.819
>CCAGATGATG	16-CCAGATGATG	11.539452	-17.262739	0	T:5.0(8.06%),B:64.2(0.14%),P:1e-7	Tpos:95.4,Tstd:62.6,Bpos:80.1,Bstd:43.2,StrandBias:-0.4,Multiplicity:1.40
0.001	0.997	0.001	0.001
0.001	0.809	0.001	0.189
0.997	0.001	0.001	0.001
0.215	0.001	0.783	0.001
0.997	0.001	0.001	0.001
0.001	0.001	0.001	0.997
0.001	0.001	0.997	0.001
0.997	0.001	0.001	0.001
0.001	0.001	0.001	0.997
0.001	0.221	0.575	0.203
>GGTGACGTCA	17-GGTGACGTCA	11.747392	-17.262739	0	T:5.0(8.06%),B:64.4(0.14%),P:1e-7	Tpos:108.0,Tstd:46.1,Bpos:112.3,Bstd:84.5,StrandBias:-0.4,Multiplicity:1.00
0.001	0.001	0.997	0.001
0.001	0.001	0.713	0.285
0.001	0.001	0.001	0.997
0.001	0.001	0.997	0.001
0.738	0.001	0.260	0.001
0.001	0.764	0.001	0.234
0.001	0.001	0.997	0.001
0.001	0.001	0.001	0.997
0.001	0.997	0.001	0.001
0.997	0.001	0.001	0.001
>CCAGAACTGG	18-CCAGAACTGG	8.277198	-17.256824	0	T:11.0(17.74%),B:897.6(1.95%),P:1e-7	Tpos:85.8,Tstd:41.8,Bpos:101.0,Bstd:65.1,StrandBias:-0.7,Multiplicity:1.18
0.127	0.726	0.001	0.146
0.107	0.758	0.001	0.134
0.614	0.096	0.214	0.076
0.001	0.071	0.927	0.001
0.883	0.001	0.115	0.001
0.855	0.001	0.143	0.001
0.071	0.927	0.001	0.001
0.109	0.084	0.001	0.806
0.157	0.095	0.747	0.001
0.148	0.076	0.773	0.003
>GGACTGGGTT	19-GGACTGGGTT	10.296193	-17.188478	0	T:4.0(6.45%),B:23.4(0.05%),P:1e-7	Tpos:48.2,Tstd:52.4,Bpos:114.0,Bstd:63.6,StrandBias:1.6,Multiplicity:1.00
0.100	0.100	0.700	0.100
0.100	0.100	0.700	0.100
0.700	0.100	0.100	0.100
0.100	0.700	0.100	0.100
0.100	0.100	0.100	0.700
0.100	0.100	0.700	0.100
0.100	0.100	0.700	0.100
0.100	0.100	0.700	0.100
0.100	0.100	0.100	0.700
0.100	0.100	0.100	0.700
>CTATTCTCTC	20-CTATTCTCTC	10.296193	-17.019249	0	T:4.0(6.45%),B:24.9(0.05%),P:1e-7	Tpos:134.2,Tstd:1.3,Bpos:104.7,Bstd:48.0,StrandBias:1.6,Multiplicity:1.00
0.100	0.700	0.100	0.100
0.100	0.100	0.100	0.700
0.700	0.100	0.100	0.100
0.100	0.100	0.100	0.700
0.100	0.100	0.100	0.700
0.100	0.700	0.100	0.100
0.100	0.100	0.100	0.700
0.100	0.700	0.100	0.100
0.100	0.100	0.100	0.700
0.100	0.700	0.100	0.100
>TGGCACCTAC	21-TGGCACCTAC	8.423095	-16.411237	0	T:10.0(16.13%),B:759.7(1.65%),P:1e-7	Tpos:107.4,Tstd:61.6,Bpos:102.0,Bstd:69.0,StrandBias:0.6,Multiplicity:1.00
0.001	0.300	0.001	0.698
0.001	0.001	0.886	0.112
0.001	0.001	0.997	0.001
0.001	0.662	0.107	0.230
0.891	0.001	0.001	0.107
0.001	0.652	0.109	0.238
0.107	0.891	0.001	0.001
0.225	0.103	0.108	0.564
0.807	0.085	0.107	0.001
0.001	0.997	0.001	0.001
>AATTGBAGAT	22-AATTGBAGAT	11.282134	-16.294203	0	T:3.0(4.84%),B:6.8(0.01%),P:1e-7	Tpos:48.0,Tstd:0.0,Bpos:107.0,Bstd:30.8,StrandBias:10.0,Multiplicity:1.00
0.925	0.073	0.001	0.001
0.997	0.001	0.001	0.001
0.001	0.314	0.037	0.648
0.313	0.001	0.001	0.685
0.300	0.001	0.698	0.001
0.001	0.301	0.397	0.301
0.698	0.001	0.001	0.300
0.001	0.001	0.997	0.001
0.997	0.001	0.001	0.001
0.036	0.001	0.001	0.962
>GGGAGTGTTT	23-GGGAGTGTTT	10.296193	-15.832715	0	T:3.0(4.84%),B:7.8(0.02%),P:1e-6	Tpos:80.0,Tstd:0.0,Bpos:127.2,Bstd:57.0,StrandBias:10.0,Multiplicity:1.00
0.100	0.100	0.700	0.100
0.100	0.100	0.700	0.100
0.100	0.100	0.700	0.100
0.700	0.100	0.100	0.100
0.100	0.100	0.700	0.100
0.100	0.100	0.100	0.700
0.100	0.100	0.700	0.100
0.100	0.100	0.100	0.700
0.100	0.100	0.100	0.700
0.100	0.100	0.100	0.700
>YWCTATGCAG	24-YWCTATGCAG	8.887734	-15.432219	0	T:9.0(14.52%),B:637.0(1.39%),P:1e-6	Tpos:131.9,Tstd:47.8,Bpos:99.4,Bstd:68.4,StrandBias:0.3,Multiplicity:1.00
0.005	0.472	0.001	0.522
0.475	0.001	0.001	0.523
0.001	0.599	0.399	0.001
0.001	0.188	0.001	0.810
0.500	0.176	0.323	0.001
0.295	0.001	0.151	0.553
0.093	0.001	0.905	0.001
0.001	0.997	0.001	0.001
0.908	0.090	0.001	0.001
0.001	0.409	0.589	0.001
>ACACGATGAA	25-ACACGATGAA	6.552143	-13.536390	0	T:10.0(16.13%),B:1042.9(2.27%),P:1e-5	Tpos:112.1,Tstd:64.6,Bpos:103.4,Bstd:65.7,StrandBias:-0.3,Multiplicity:1.10
0.805	0.193	0.001	0.001
0.001	0.997	0.001	0.001
0.997	0.001	0.001	0.001
0.001	0.722	0.276	0.001
0.001	0.060	0.938	0.001
0.977	0.021	0.001	0.001
0.001	0.001	0.255	0.743
0.001	0.001	0.997	0.001
0.790	0.001	0.208	0.001
0.997	0.001	0.001	0.001
