>ATTTGCTTTA	1-ATTTGCTTTA	8.043439	-31.643677	0	T:17.0(27.42%),B:1007.6(2.19%),P:1e-13	Tpos:77.4,Tstd:60.0,Bpos:101.3,Bstd:64.3,StrandBias:0.2,Multiplicity:1.00
0.613	0.001	0.385	0.001
0.001	0.001	0.331	0.667
0.001	0.001	0.001	0.997
0.001	0.001	0.001	0.997
0.351	0.001	0.647	0.001
0.010	0.678	0.305	0.007
0.001	0.001	0.001	0.997
0.001	0.001	0.001	0.997
0.001	0.342	0.001	0.656
0.919	0.002	0.001	0.078
>AACTGTTATT	2-AACTGTTATT	10.700665	-31.483548	0	T:10.0(16.13%),B:158.1(0.34%),P:1e-13	Tpos:132.6,Tstd:47.6,Bpos:105.9,Bstd:66.4,StrandBias:1.2,Multiplicity:1.00
0.997	0.001	0.001	0.001
0.997	0.001	0.001	0.001
0.001	0.869	0.001	0.129
0.001	0.001	0.001	0.997
0.001	0.001	0.997	0.001
0.001	0.138	0.151	0.710
0.001	0.001	0.001	0.997
0.892	0.001	0.001	0.106
0.339	0.001	0.001	0.659
0.001	0.001	0.001	0.997
>GCCTCATAGA	3-GCCTCATAGA	6.646202	-30.476442	0	T:11.0(17.74%),B:254.4(0.55%),P:1e-13	Tpos:84.9,Tstd:49.9,Bpos:103.2,Bstd:71.2,StrandBias:2.2,Multiplicity:1.00
0.001	0.001	0.997	0.001
0.017	0.981	0.001	0.001
0.001	0.997	0.001	0.001
0.001	0.001	0.001	0.997
0.001	0.997	0.001	0.001
0.997	0.001	0.001	0.001
0.001	0.063	0.001	0.935
0.815	0.001	0.001	0.183
0.001	0.001	0.997	0.001
0.815	0.183	0.001	0.001
>NTACCTTTTN	4-NTACCTTTTN	6.498401	-29.063660	0	T:8.0(12.90%),B:80.0(0.17%),P:1e-12	Tpos:46.0,Tstd:29.3,Bpos:95.7,Bstd:58.4,StrandBias:0.7,Multiplicity:1.00
0.243	0.304	0.251	0.202
0.135	0.181	0.158	0.526
0.499	0.145	0.187	0.169
0.170	0.536	0.143	0.151
0.125	0.557	0.101	0.217
0.160	0.119	0.108	0.613
0.131	0.161	0.136	0.572
0.137	0.147	0.172	0.544
0.122	0.112	0.141	0.625
0.277	0.263	0.223	0.237
>CCATTAAATT	5-CCATTAAATT	10.289340	-24.720058	0	T:8.0(12.90%),B:137.3(0.30%),P:1e-10	Tpos:64.8,Tstd:37.0,Bpos:92.4,Bstd:61.1,StrandBias:1.6,Multiplicity:1.00
0.001	0.675	0.323	0.001
0.001	0.694	0.002	0.303
0.630	0.001	0.001	0.368
0.344	0.001	0.021	0.634
0.001	0.001	0.001	0.997
0.997	0.001	0.001	0.001
0.720	0.278	0.001	0.001
0.665	0.001	0.001	0.333
0.001	0.001	0.001	0.997
0.001	0.001	0.001	0.997
>TAACAAATAT	6-TAACAAATAT	10.168677	-23.803457	0	T:9.0(14.52%),B:240.8(0.52%),P:1e-10	Tpos:144.5,Tstd:50.7,Bpos:102.7,Bstd:67.7,StrandBias:-0.7,Multiplicity:1.44
0.001	0.150	0.104	0.745
0.997	0.001	0.001	0.001
0.997	0.001	0.001	0.001
0.001	0.932	0.001	0.066
0.710	0.001	0.288	0.001
0.895	0.103	0.001	0.001
0.905	0.093	0.001	0.001
0.001	0.001	0.001	0.997
0.997	0.001	0.001	0.001
0.001	0.001	0.108	0.890
>AGTCCGCTGT	7-AGTCCGCTGT	8.295396	-23.355702	0	T:13.0(20.97%),B:823.4(1.79%),P:1e-10	Tpos:82.3,Tstd:41.1,Bpos:99.1,Bstd:70.9,StrandBias:0.7,Multiplicity:1.00
0.884	0.001	0.001	0.114
0.001	0.254	0.744	0.001
0.001	0.132	0.001	0.866
0.001	0.997	0.001	0.001
0.143	0.561	0.175	0.121
0.001	0.001	0.882	0.116
0.001	0.988	0.001	0.010
0.175	0.153	0.127	0.545
0.001	0.001	0.997	0.001
0.001	0.291	0.137	0.571
>TAAATACAAG	8-TAAATACAAG	10.819048	-23.103893	0	T:9.0(14.52%),B:260.3(0.57%),P:1e-10	Tpos:103.7,Tstd:32.9,Bpos:103.9,Bstd:68.5,StrandBias:0.3,Multiplicity:1.22
0.001	0.001	0.001	0.997
0.753	0.001	0.245	0.001
0.997	0.001	0.001	0.001
0.997	0.001	0.001	0.001
0.001	0.227	0.001	0.771
0.997	0.001	0.001	0.001
0.247	0.751	0.001	0.001
0.997	0.001	0.001	0.001
0.783	0.001	0.001	0.215
0.216	0.267	0.516	0.001
>CTTTGTGKTA	9-CTTTGTGKTA	9.391795	-21.514475	0	T:11.0(17.74%),B:592.8(1.29%),P:1e-9	Tpos:93.7,Tstd:59.1,Bpos:101.3,Bstd:65.4,StrandBias:0.3,Multiplicity:1.00
0.001	0.997	0.001	0.001
0.001	0.001	0.001	0.997
0.001	0.422	0.001	0.576
0.320	0.001	0.001	0.678
0.001	0.001	0.997	0.001
0.001	0.001	0.001	0.997
0.001	0.001	0.811	0.187
0.239	0.001	0.338	0.422
0.001	0.001	0.001	0.997
0.798	0.200	0.001	0.001
>TCAAGTGTGT	10-TCAAGTGTGT	7.511403	-21.160339	0	T:8.0(12.90%),B:216.3(0.47%),P:1e-9	Tpos:104.2,Tstd:67.6,Bpos:97.6,Bstd:72.9,StrandBias:0.0,Multiplicity:1.00
0.001	0.024	0.001	0.974
0.001	0.978	0.020	0.001
0.997	0.001	0.001	0.001
0.997	0.001	0.001	0.001
0.001	0.096	0.902	0.001
0.001	0.001	0.001	0.997
0.026	0.001	0.972	0.001
0.001	0.001	0.001	0.997
0.001	0.024	0.974	0.001
0.001	0.001	0.001	0.997
>AWAGGGGCCG	11-AWAGGGGCCG	4.157218	-19.636102	0	T:18.0(29.03%),B:2488.3(5.42%),P:1e-8	Tpos:102.8,Tstd:58.1,Bpos:101.4,Bstd:67.2,StrandBias:1.1,Multiplicity:1.39
0.504	0.324	0.171	0.001
0.513	0.001	0.119	0.367
0.997	0.001	0.001	0.001
0.001	0.001	0.997	0.001
0.233	0.001	0.765	0.001
0.001	0.001	0.997	0.001
0.001	0.001	0.997	0.001
0.001	0.687	0.311	0.001
0.001	0.680	0.318	0.001
0.001	0.001	0.997	0.001
>ACATCAGGGA	12-ACATCAGGGA	11.511558	-19.312921	0	T:6.0(9.68%),B:94.7(0.21%),P:1e-8	Tpos:115.4,Tstd:44.8,Bpos:97.8,Bstd:66.9,StrandBias:1.6,Multiplicity:1.33
0.997	0.001	0.001	0.001
0.221	0.777	0.001	0.001
0.800	0.001	0.001	0.198
0.001	0.001	0.001	0.997
0.001	0.997	0.001	0.001
0.997	0.001	0.001	0.001
0.001	0.001	0.800	0.198
0.001	0.001	0.997	0.001
0.195	0.001	0.803	0.001
0.997	0.001	0.001	0.001
>GGTCCTTTAT	13-GGTCCTTTAT	12.664719	-18.890175	0	T:4.0(6.45%),B:15.6(0.03%),P:1e-8	Tpos:80.0,Tstd:25.4,Bpos:104.3,Bstd:73.7,StrandBias:10.0,Multiplicity:1.00
0.001	0.001	0.997	0.001
0.001	0.001	0.997	0.001
0.001	0.310	0.001	0.688
0.001	0.997	0.001	0.001
0.001	0.997	0.001	0.001
0.001	0.001	0.001	0.997
0.001	0.001	0.001	0.997
0.001	0.001	0.001	0.997
0.997	0.001	0.001	0.001
0.001	0.001	0.001	0.997
>CACATTTCTG	14-CACATTTCTG	11.497498	-18.744508	0	T:7.0(11.29%),B:186.4(0.41%),P:1e-8	Tpos:113.7,Tstd:67.9,Bpos:102.4,Bstd:66.7,StrandBias:0.4,Multiplicity:1.00
0.001	0.810	0.001	0.188
0.997	0.001	0.001	0.001
0.001	0.997	0.001	0.001
0.997	0.001	0.001	0.001
0.001	0.001	0.149	0.849
0.001	0.001	0.229	0.769
0.001	0.219	0.001	0.779
0.001	0.997	0.001	0.001
0.001	0.001	0.001	0.997
0.001	0.001	0.997	0.001
>ACCAGTTSAT	15-ACCAGTTSAT	9.425980	-17.729237	0	T:7.0(11.29%),B:216.8(0.47%),P:1e-7	Tpos:85.1,Tstd:74.5,Bpos:103.7,Bstd:68.6,StrandBias:0.4,Multiplicity:1.00
0.997	0.001	0.001	0.001
0.001	0.997	0.001	0.001
0.001	0.997	0.001	0.001
0.758	0.240	0.001	0.001
0.001	0.001	0.997	0.001
0.001	0.001	0.001	0.997
0.269	0.269	0.001	0.461
0.001	0.550	0.448	0.001
0.489	0.001	0.269	0.241
0.001	0.001	0.179	0.819
>CCAGATGATG	16-CCAGATGATG	11.539452	-17.262739	0	T:5.0(8.06%),B:64.2(0.14%),P:1e-7	Tpos:95.4,Tstd:62.6,Bpos:80.1,Bstd:43.2,StrandBias:-0.4,Multiplicity:1.40
0.001	0.997	0.001	0.001
0.001	0.809	0.001	0.189
0.997	0.001	0.001	0.001
0.215	0.001	0.783	0.001
0.997	0.001	0.001	0.001
0.001	0.001	0.001	0.997
0.001	0.001	0.997	0.001
0.997	0.001	0.001	0.001
0.001	0.001	0.001	0.997
0.001	0.221	0.575	0.203
>GGTGACGTCA	17-GGTGACGTCA	11.747392	-17.262739	0	T:5.0(8.06%),B:64.4(0.14%),P:1e-7	Tpos:108.0,Tstd:46.1,Bpos:112.3,Bstd:84.5,StrandBias:-0.4,Multiplicity:1.00
0.001	0.001	0.997	0.001
0.001	0.001	0.713	0.285
0.001	0.001	0.001	0.997
0.001	0.001	0.997	0.001
0.738	0.001	0.260	0.001
0.001	0.764	0.001	0.234
0.001	0.001	0.997	0.001
0.001	0.001	0.001	0.997
0.001	0.997	0.001	0.001
0.997	0.001	0.001	0.001
>CCAGAACTGG	18-CCAGAACTGG	8.277198	-17.256824	0	T:11.0(17.74%),B:897.6(1.95%),P:1e-7	Tpos:85.8,Tstd:41.8,Bpos:101.0,Bstd:65.1,StrandBias:-0.7,Multiplicity:1.18
0.127	0.726	0.001	0.146
0.107	0.758	0.001	0.134
0.614	0.096	0.214	0.076
0.001	0.071	0.927	0.001
0.883	0.001	0.115	0.001
0.855	0.001	0.143	0.001
0.071	0.927	0.001	0.001
0.109	0.084	0.001	0.806
0.157	0.095	0.747	0.001
0.148	0.076	0.773	0.003
>GGACTGGGTT	19-GGACTGGGTT	10.296193	-17.188478	0	T:4.0(6.45%),B:23.4(0.05%),P:1e-7	Tpos:48.2,Tstd:52.4,Bpos:114.0,Bstd:63.6,StrandBias:1.6,Multiplicity:1.00
0.100	0.100	0.700	0.100
0.100	0.100	0.700	0.100
0.700	0.100	0.100	0.100
0.100	0.700	0.100	0.100
0.100	0.100	0.100	0.700
0.100	0.100	0.700	0.100
0.100	0.100	0.700	0.100
0.100	0.100	0.700	0.100
0.100	0.100	0.100	0.700
0.100	0.100	0.100	0.700
>CTATTCTCTC	20-CTATTCTCTC	10.296193	-17.019249	0	T:4.0(6.45%),B:24.9(0.05%),P:1e-7	Tpos:134.2,Tstd:1.3,Bpos:104.7,Bstd:48.0,StrandBias:1.6,Multiplicity:1.00
0.100	0.700	0.100	0.100
0.100	0.100	0.100	0.700
0.700	0.100	0.100	0.100
0.100	0.100	0.100	0.700
0.100	0.100	0.100	0.700
0.100	0.700	0.100	0.100
0.100	0.100	0.100	0.700
0.100	0.700	0.100	0.100
0.100	0.100	0.100	0.700
0.100	0.700	0.100	0.100
>TGGCACCTAC	21-TGGCACCTAC	8.423095	-16.411237	0	T:10.0(16.13%),B:759.7(1.65%),P:1e-7	Tpos:107.4,Tstd:61.6,Bpos:102.0,Bstd:69.0,StrandBias:0.6,Multiplicity:1.00
0.001	0.300	0.001	0.698
0.001	0.001	0.886	0.112
0.001	0.001	0.997	0.001
0.001	0.662	0.107	0.230
0.891	0.001	0.001	0.107
0.001	0.652	0.109	0.238
0.107	0.891	0.001	0.001
0.225	0.103	0.108	0.564
0.807	0.085	0.107	0.001
0.001	0.997	0.001	0.001
>AATTGBAGAT	22-AATTGBAGAT	11.282134	-16.294203	0	T:3.0(4.84%),B:6.8(0.01%),P:1e-7	Tpos:48.0,Tstd:0.0,Bpos:107.0,Bstd:30.8,StrandBias:10.0,Multiplicity:1.00
0.925	0.073	0.001	0.001
0.997	0.001	0.001	0.001
0.001	0.314	0.037	0.648
0.313	0.001	0.001	0.685
0.300	0.001	0.698	0.001
0.001	0.301	0.397	0.301
0.698	0.001	0.001	0.300
0.001	0.001	0.997	0.001
0.997	0.001	0.001	0.001
0.036	0.001	0.001	0.962
>GGGAGTGTTT	23-GGGAGTGTTT	10.296193	-15.832715	0	T:3.0(4.84%),B:7.8(0.02%),P:1e-6	Tpos:80.0,Tstd:0.0,Bpos:127.2,Bstd:57.0,StrandBias:10.0,Multiplicity:1.00
0.100	0.100	0.700	0.100
0.100	0.100	0.700	0.100
0.100	0.100	0.700	0.100
0.700	0.100	0.100	0.100
0.100	0.100	0.700	0.100
0.100	0.100	0.100	0.700
0.100	0.100	0.700	0.100
0.100	0.100	0.100	0.700
0.100	0.100	0.100	0.700
0.100	0.100	0.100	0.700
>YWCTATGCAG	24-YWCTATGCAG	8.887734	-15.432219	0	T:9.0(14.52%),B:637.0(1.39%),P:1e-6	Tpos:131.9,Tstd:47.8,Bpos:99.4,Bstd:68.4,StrandBias:0.3,Multiplicity:1.00
0.005	0.472	0.001	0.522
0.475	0.001	0.001	0.523
0.001	0.599	0.399	0.001
0.001	0.188	0.001	0.810
0.500	0.176	0.323	0.001
0.295	0.001	0.151	0.553
0.093	0.001	0.905	0.001
0.001	0.997	0.001	0.001
0.908	0.090	0.001	0.001
0.001	0.409	0.589	0.001
>ACACGATGAA	25-ACACGATGAA	6.552143	-13.536390	0	T:10.0(16.13%),B:1042.9(2.27%),P:1e-5	Tpos:112.1,Tstd:64.6,Bpos:103.4,Bstd:65.7,StrandBias:-0.3,Multiplicity:1.10
0.805	0.193	0.001	0.001
0.001	0.997	0.001	0.001
0.997	0.001	0.001	0.001
0.001	0.722	0.276	0.001
0.001	0.060	0.938	0.001
0.977	0.021	0.001	0.001
0.001	0.001	0.255	0.743
0.001	0.001	0.997	0.001
0.790	0.001	0.208	0.001
0.997	0.001	0.001	0.001
>CTGGTTTACTTT	1-CTGGTTTACTTT	9.607567	-34.006168	0	T:6.0(9.68%),B:8.3(0.02%),P:1e-14	Tpos:41.5,Tstd:65.1,Bpos:93.2,Bstd:34.8,StrandBias:2.3,Multiplicity:1.00
0.122	0.876	0.001	0.001
0.001	0.008	0.122	0.869
0.130	0.001	0.868	0.001
0.001	0.001	0.997	0.001
0.001	0.001	0.001	0.997
0.001	0.001	0.001	0.997
0.001	0.001	0.001	0.997
0.997	0.001	0.001	0.001
0.001	0.997	0.001	0.001
0.001	0.001	0.001	0.997
0.001	0.001	0.001	0.997
0.001	0.001	0.001	0.997
>ATAAGATGCCAT	2-ATAAGATGCCAT	15.466168	-29.708234	0	T:4.0(6.45%),B:1.4(0.00%),P:1e-12	Tpos:38.0,Tstd:13.9,Bpos:166.0,Bstd:0.0,StrandBias:1.6,Multiplicity:1.00
0.997	0.001	0.001	0.001
0.001	0.001	0.001	0.997
0.997	0.001	0.001	0.001
0.997	0.001	0.001	0.001
0.001	0.001	0.997	0.001
0.997	0.001	0.001	0.001
0.001	0.001	0.001	0.997
0.001	0.001	0.997	0.001
0.001	0.997	0.001	0.001
0.001	0.677	0.001	0.321
0.997	0.001	0.001	0.001
0.001	0.001	0.001	0.997
>TGACTTAGGACG	3-TGACTTAGGACG	12.525045	-29.708234	0	T:4.0(6.45%),B:1.4(0.00%),P:1e-12	Tpos:92.2,Tstd:3.9,Bpos:157.7,Bstd:9.6,StrandBias:10.0,Multiplicity:1.00
0.001	0.001	0.001	0.997
0.001	0.001	0.997	0.001
0.997	0.001	0.001	0.001
0.001	0.997	0.001	0.001
0.001	0.001	0.001	0.997
0.001	0.001	0.001	0.997
0.997	0.001	0.001	0.001
0.001	0.001	0.997	0.001
0.130	0.001	0.868	0.001
0.997	0.001	0.001	0.001
0.001	0.997	0.001	0.001
0.001	0.001	0.868	0.130
>GTGGTCCTTTAT	4-GTGGTCCTTTAT	15.096400	-29.708234	0	T:4.0(6.45%),B:0.0(0.00%),P:1e-12	Tpos:79.0,Tstd:25.4,Bpos:0.0,Bstd:0.0,StrandBias:10.0,Multiplicity:1.00
0.001	0.001	0.997	0.001
0.332	0.001	0.001	0.666
0.001	0.001	0.997	0.001
0.001	0.001	0.997	0.001
0.001	0.332	0.001	0.666
0.001	0.997	0.001	0.001
0.001	0.997	0.001	0.001
0.001	0.001	0.001	0.997
0.001	0.001	0.001	0.997
0.001	0.001	0.001	0.997
0.997	0.001	0.001	0.001
0.001	0.001	0.001	0.997
>ATTACTGTGCAC	5-ATTACTGTGCAC	13.199548	-29.038391	0	T:5.0(8.06%),B:6.7(0.01%),P:1e-12	Tpos:170.6,Tstd:14.2,Bpos:118.1,Bstd:83.9,StrandBias:10.0,Multiplicity:1.00
0.997	0.001	0.001	0.001
0.001	0.001	0.001	0.997
0.001	0.001	0.001	0.997
0.997	0.001	0.001	0.001
0.001	0.997	0.001	0.001
0.001	0.001	0.001	0.997
0.001	0.001	0.997	0.001
0.001	0.001	0.001	0.997
0.321	0.001	0.677	0.001
0.001	0.677	0.001	0.321
0.677	0.321	0.001	0.001
0.001	0.997	0.001	0.001
>CCACYAGAGGGV	6-CCACYAGAGGGV	10.869911	-27.604960	0	T:8.0(12.90%),B:95.9(0.21%),P:1e-11	Tpos:82.0,Tstd:29.9,Bpos:101.4,Bstd:63.8,StrandBias:2.8,Multiplicity:1.00
0.110	0.779	0.001	0.110
0.001	0.997	0.001	0.001
0.611	0.221	0.072	0.096
0.001	0.765	0.233	0.001
0.111	0.328	0.110	0.451
0.771	0.001	0.118	0.110
0.001	0.001	0.997	0.001
0.771	0.001	0.227	0.001
0.001	0.001	0.997	0.001
0.001	0.221	0.668	0.110
0.001	0.110	0.779	0.110
0.298	0.420	0.281	0.001
>TGTCAACTATGT	7-TGTCAACTATGT	12.760262	-27.602049	0	T:5.0(8.06%),B:8.4(0.02%),P:1e-11	Tpos:112.2,Tstd:69.5,Bpos:125.1,Bstd:33.6,StrandBias:0.6,Multiplicity:1.00
0.001	0.001	0.316	0.682
0.001	0.001	0.997	0.001
0.001	0.316	0.001	0.682
0.001	0.682	0.316	0.001
0.682	0.001	0.316	0.001
0.975	0.001	0.001	0.023
0.001	0.997	0.001	0.001
0.001	0.001	0.001	0.997
0.682	0.001	0.316	0.001
0.001	0.001	0.316	0.682
0.001	0.001	0.997	0.001
0.001	0.001	0.001	0.997
>AAGTGCCTTCCT	8-AAGTGCCTTCCT	9.338455	-27.187330	0	T:6.0(9.68%),B:25.5(0.06%),P:1e-11	Tpos:81.7,Tstd:48.4,Bpos:119.1,Bstd:62.0,StrandBias:-1.0,Multiplicity:1.00
0.997	0.001	0.001	0.001
0.868	0.001	0.001	0.130
0.043	0.001	0.955	0.001
0.001	0.001	0.001	0.997
0.001	0.001	0.997	0.001
0.001	0.997	0.001	0.001
0.001	0.997	0.001	0.001
0.001	0.001	0.001	0.997
0.001	0.001	0.001	0.997
0.001	0.997	0.001	0.001
0.001	0.955	0.001	0.043
0.130	0.001	0.001	0.868
>SCKATTCTMTCM	9-SCKATTCTMTCM	13.821035	-27.014168	0	T:5.0(8.06%),B:9.7(0.02%),P:1e-11	Tpos:130.2,Tstd:8.2,Bpos:82.6,Bstd:44.7,StrandBias:0.6,Multiplicity:1.00
0.001	0.534	0.464	0.001
0.001	0.997	0.001	0.001
0.001	0.001	0.464	0.534
0.997	0.001	0.001	0.001
0.001	0.001	0.001	0.997
0.001	0.001	0.001	0.997
0.001	0.997	0.001	0.001
0.001	0.001	0.001	0.997
0.464	0.534	0.001	0.001
0.001	0.001	0.001	0.997
0.001	0.997	0.001	0.001
0.534	0.464	0.001	0.001
>GCTTTTAACACA	10-GCTTTTAACACA	15.096400	-26.936655	0	T:4.0(6.45%),B:2.6(0.01%),P:1e-11	Tpos:67.8,Tstd:68.8,Bpos:22.5,Bstd:20.6,StrandBias:0.0,Multiplicity:1.00
0.001	0.001	0.997	0.001
0.001	0.666	0.001	0.332
0.001	0.001	0.001	0.997
0.001	0.001	0.001	0.997
0.001	0.001	0.001	0.997
0.001	0.001	0.001	0.997
0.997	0.001	0.001	0.001
0.997	0.001	0.001	0.001
0.001	0.997	0.001	0.001
0.997	0.001	0.001	0.001
0.001	0.666	0.332	0.001
0.997	0.001	0.001	0.001
>GAGATCTCCCTT	11-GAGATCTCCCTT	9.904881	-26.088769	0	T:9.0(14.52%),B:185.7(0.40%),P:1e-11	Tpos:76.6,Tstd:49.4,Bpos:97.0,Bstd:61.3,StrandBias:-1.0,Multiplicity:1.00
0.261	0.001	0.737	0.001
0.997	0.001	0.001	0.001
0.146	0.001	0.722	0.131
0.722	0.146	0.001	0.131
0.116	0.146	0.146	0.592
0.001	0.853	0.145	0.001
0.145	0.001	0.001	0.853
0.168	0.539	0.001	0.292
0.001	0.707	0.146	0.146
0.001	0.997	0.001	0.001
0.001	0.001	0.001	0.997
0.001	0.146	0.146	0.707
>TTGTTTGACATG	12-TTGTTTGACATG	11.454544	-25.365429	0	T:7.0(11.29%),B:71.9(0.16%),P:1e-11	Tpos:122.1,Tstd:49.9,Bpos:99.8,Bstd:63.7,StrandBias:1.3,Multiplicity:1.00
0.001	0.317	0.044	0.638
0.001	0.001	0.316	0.682
0.001	0.316	0.682	0.001
0.001	0.001	0.001	0.997
0.001	0.001	0.001	0.997
0.001	0.001	0.001	0.997
0.001	0.001	0.682	0.316
0.997	0.001	0.001	0.001
0.317	0.681	0.001	0.001
0.954	0.001	0.001	0.044
0.001	0.316	0.001	0.682
0.362	0.001	0.635	0.002
>CAGCKGAGTCTG	13-CAGCKGAGTCTG	10.010113	-24.847618	0	T:6.0(9.68%),B:37.9(0.08%),P:1e-10	Tpos:70.2,Tstd:45.5,Bpos:81.8,Bstd:62.8,StrandBias:-1.0,Multiplicity:1.00
0.001	0.997	0.001	0.001
0.997	0.001	0.001	0.001
0.001	0.001	0.997	0.001
0.001	0.997	0.001	0.001
0.001	0.001	0.467	0.531
0.001	0.001	0.997	0.001
0.997	0.001	0.001	0.001
0.001	0.069	0.929	0.001
0.001	0.001	0.387	0.611
0.001	0.929	0.001	0.069
0.001	0.001	0.001	0.997
0.001	0.001	0.997	0.001
>KCCTCTTTGCAT	14-KCCTCTTTGCAT	7.478041	-24.173154	0	T:22.0(35.48%),B:3055.2(6.65%),P:1e-10	Tpos:109.3,Tstd:45.9,Bpos:101.0,Bstd:62.5,StrandBias:0.1,Multiplicity:1.05
0.001	0.155	0.423	0.420
0.167	0.578	0.171	0.084
0.001	0.915	0.001	0.083
0.066	0.001	0.171	0.762
0.001	0.657	0.341	0.001
0.255	0.239	0.001	0.505
0.084	0.242	0.084	0.590
0.005	0.001	0.001	0.993
0.001	0.001	0.746	0.252
0.088	0.826	0.002	0.084
0.574	0.084	0.089	0.253
0.084	0.235	0.091	0.590
>TGGACTGGGYYT	15-TGGACTGGGYYT	13.469870	-24.144587	0	T:5.0(8.06%),B:16.1(0.04%),P:1e-10	Tpos:28.8,Tstd:17.0,Bpos:105.5,Bstd:68.5,StrandBias:10.0,Multiplicity:1.00
0.001	0.001	0.001	0.997
0.001	0.001	0.997	0.001
0.001	0.001	0.997	0.001
0.997	0.001	0.001	0.001
0.001	0.997	0.001	0.001
0.242	0.001	0.001	0.756
0.242	0.001	0.756	0.001
0.001	0.001	0.997	0.001
0.001	0.001	0.997	0.001
0.001	0.486	0.001	0.512
0.001	0.486	0.001	0.512
0.001	0.001	0.001	0.997
>AGGCAGGGAGTG	16-AGGCAGGGAGTG	9.613825	-23.422691	0	T:6.0(9.68%),B:47.9(0.10%),P:1e-10	Tpos:81.2,Tstd:43.9,Bpos:105.7,Bstd:75.3,StrandBias:2.3,Multiplicity:1.00
0.997	0.001	0.001	0.001
0.001	0.001	0.997	0.001
0.001	0.001	0.997	0.001
0.001	0.997	0.001	0.001
0.951	0.001	0.001	0.047
0.001	0.001	0.997	0.001
0.001	0.001	0.855	0.143
0.001	0.001	0.997	0.001
0.997	0.001	0.001	0.001
0.001	0.001	0.997	0.001
0.001	0.047	0.001	0.951
0.001	0.143	0.855	0.001
>TTCATTGWACAA	17-TTCATTGWACAA	11.466724	-22.929788	0	T:7.0(11.29%),B:101.1(0.22%),P:1e-9	Tpos:131.9,Tstd:44.1,Bpos:112.2,Bstd:65.0,StrandBias:0.7,Multiplicity:1.43
0.001	0.189	0.001	0.809
0.001	0.001	0.001	0.997
0.001	0.997	0.001	0.001
0.809	0.189	0.001	0.001
0.400	0.001	0.001	0.598
0.001	0.189	0.001	0.809
0.001	0.382	0.594	0.023
0.427	0.001	0.001	0.571
0.997	0.001	0.001	0.001
0.001	0.598	0.001	0.400
0.997	0.001	0.001	0.001
0.597	0.401	0.001	0.001
>TTTGGGAATGTG	18-TTTGGGAATGTG	12.525045	-22.546247	0	T:4.0(6.45%),B:6.2(0.01%),P:1e-9	Tpos:71.0,Tstd:12.1,Bpos:88.2,Bstd:70.9,StrandBias:10.0,Multiplicity:1.00
0.001	0.001	0.001	0.997
0.001	0.001	0.001	0.997
0.001	0.001	0.001	0.997
0.001	0.001	0.997	0.001
0.001	0.001	0.997	0.001
0.001	0.001	0.997	0.001
0.997	0.001	0.001	0.001
0.868	0.001	0.130	0.001
0.001	0.001	0.001	0.997
0.001	0.001	0.997	0.001
0.001	0.001	0.001	0.997
0.001	0.001	0.868	0.130
>AYCATGCTSTGY	19-AYCATGCTSTGY	9.381185	-20.853105	0	T:5.0(8.06%),B:31.0(0.07%),P:1e-9	Tpos:104.0,Tstd:61.5,Bpos:110.8,Bstd:68.4,StrandBias:10.0,Multiplicity:1.00
0.997	0.001	0.001	0.001
0.026	0.508	0.001	0.465
0.001	0.997	0.001	0.001
0.993	0.001	0.001	0.005
0.001	0.001	0.001	0.997
0.001	0.001	0.997	0.001
0.001	0.997	0.001	0.001
0.001	0.001	0.001	0.997
0.001	0.534	0.464	0.001
0.001	0.001	0.001	0.997
0.001	0.001	0.997	0.001
0.001	0.464	0.001	0.534
>TAATTTTAATTG	20-TAATTTTAATTG	12.355432	-19.586187	0	T:3.0(4.84%),B:2.6(0.01%),P:1e-8	Tpos:42.0,Tstd:0.0,Bpos:67.7,Bstd:43.4,StrandBias:10.0,Multiplicity:1.00
0.100	0.100	0.100	0.700
0.700	0.100	0.100	0.100
0.700	0.100	0.100	0.100
0.100	0.100	0.100	0.700
0.100	0.100	0.100	0.700
0.100	0.100	0.100	0.700
0.100	0.100	0.100	0.700
0.700	0.100	0.100	0.100
0.700	0.100	0.100	0.100
0.100	0.100	0.100	0.700
0.100	0.100	0.100	0.700
0.100	0.100	0.700	0.100
>GTTAATACTTTT	21-GTTAATACTTTT	12.355432	-19.586187	0	T:3.0(4.84%),B:2.0(0.00%),P:1e-8	Tpos:102.0,Tstd:0.0,Bpos:95.8,Bstd:32.5,StrandBias:10.0,Multiplicity:1.00
0.100	0.100	0.700	0.100
0.100	0.100	0.100	0.700
0.100	0.100	0.100	0.700
0.700	0.100	0.100	0.100
0.700	0.100	0.100	0.100
0.100	0.100	0.100	0.700
0.700	0.100	0.100	0.100
0.100	0.700	0.100	0.100
0.100	0.100	0.100	0.700
0.100	0.100	0.100	0.700
0.100	0.100	0.100	0.700
0.100	0.100	0.100	0.700
>TCTTGTATTTAC	22-TCTTGTATTTAC	12.439273	-18.391542	0	T:4.0(6.45%),B:17.7(0.04%),P:1e-7	Tpos:91.5,Tstd:20.5,Bpos:116.6,Bstd:63.7,StrandBias:-1.6,Multiplicity:1.00
0.241	0.001	0.241	0.517
0.001	0.758	0.240	0.001
0.029	0.001	0.001	0.969
0.001	0.001	0.001	0.997
0.001	0.001	0.754	0.244
0.240	0.001	0.001	0.758
0.517	0.241	0.241	0.001
0.001	0.240	0.001	0.758
0.001	0.001	0.001	0.997
0.001	0.001	0.001	0.997
0.758	0.240	0.001	0.001
0.001	0.728	0.001	0.270
>ACTGCGCAGGCG	23-ACTGCGCAGGCG	11.634129	-17.826157	0	T:6.0(9.68%),B:121.1(0.26%),P:1e-7	Tpos:87.1,Tstd:49.1,Bpos:105.2,Bstd:76.6,StrandBias:0.0,Multiplicity:1.33
0.997	0.001	0.001	0.001
0.001	0.673	0.325	0.001
0.159	0.141	0.001	0.699
0.001	0.001	0.808	0.190
0.001	0.800	0.191	0.008
0.158	0.001	0.840	0.001
0.001	0.997	0.001	0.001
0.696	0.001	0.302	0.001
0.001	0.191	0.673	0.135
0.001	0.001	0.997	0.001
0.001	0.840	0.001	0.158
0.001	0.001	0.997	0.001
>ATATTBATTAAG	24-ATATTBATTAAG	10.695787	-17.483051	0	T:7.0(11.29%),B:224.1(0.49%),P:1e-7	Tpos:143.3,Tstd:53.7,Bpos:104.7,Bstd:59.2,StrandBias:10.0,Multiplicity:1.00
0.997	0.001	0.001	0.001
0.001	0.001	0.001	0.997
0.997	0.001	0.001	0.001
0.293	0.001	0.040	0.666
0.369	0.001	0.038	0.592
0.001	0.296	0.293	0.410
0.700	0.001	0.298	0.001
0.001	0.001	0.001	0.997
0.001	0.292	0.001	0.706
0.551	0.001	0.293	0.155
0.785	0.001	0.001	0.213
0.039	0.001	0.587	0.373
>GGAAGAGGCGGG	25-GGAAGAGGCGGG	13.411437	-6.901514	0	T:2.0(3.23%),B:34.9(0.08%),P:1e-2	Tpos:92.2,Tstd:51.3,Bpos:96.1,Bstd:57.5,StrandBias:10.0,Multiplicity:2.50
0.373	0.001	0.625	0.001
0.001	0.001	0.997	0.001
0.997	0.001	0.001	0.001
0.997	0.001	0.001	0.001
0.001	0.001	0.997	0.001
0.647	0.001	0.351	0.001
0.001	0.001	0.997	0.001
0.001	0.001	0.997	0.001
0.001	0.997	0.001	0.001
0.001	0.001	0.997	0.001
0.001	0.001	0.812	0.186
0.001	0.208	0.790	0.001
>CTGTTATT	1-CTGTTATT	6.940380	-27.791190	0	T:29.0(46.77%),B:4926.0(10.73%),P:1e-12	Tpos:103.7,Tstd:52.1,Bpos:101.1,Bstd:67.2,StrandBias:0.7,Multiplicity:1.17
0.001	0.939	0.001	0.059
0.001	0.001	0.001	0.997
0.001	0.001	0.850	0.148
0.040	0.171	0.045	0.744
0.025	0.026	0.126	0.823
0.854	0.020	0.057	0.069
0.104	0.038	0.041	0.817
0.001	0.001	0.001	0.997
>TACCTTTT	2-TACCTTTT	8.236954	-18.418080	0	T:8.0(12.90%),B:308.2(0.67%),P:1e-7	Tpos:46.0,Tstd:29.3,Bpos:99.8,Bstd:65.6,StrandBias:0.7,Multiplicity:1.00
0.100	0.100	0.100	0.700
0.700	0.100	0.100	0.100
0.100	0.700	0.100	0.100
0.100	0.700	0.100	0.100
0.100	0.100	0.100	0.700
0.100	0.100	0.100	0.700
0.100	0.100	0.100	0.700
0.100	0.100	0.100	0.700
>GAGCACAT	3-GAGCACAT	6.343749	-18.171183	0	T:17.0(27.42%),B:2406.2(5.24%),P:1e-7	Tpos:112.1,Tstd:49.8,Bpos:100.1,Bstd:68.8,StrandBias:0.0,Multiplicity:1.06
0.001	0.001	0.997	0.001
0.997	0.001	0.001	0.001
0.371	0.001	0.627	0.001
0.038	0.960	0.001	0.001
0.878	0.001	0.120	0.001
0.001	0.997	0.001	0.001
0.997	0.001	0.001	0.001
0.420	0.001	0.001	0.578
>TATCAGCC	4-TATCAGCC	7.512510	-17.745373	0	T:17.0(27.42%),B:2478.0(5.40%),P:1e-7	Tpos:107.3,Tstd:50.1,Bpos:100.9,Bstd:64.4,StrandBias:0.7,Multiplicity:1.06
0.001	0.057	0.001	0.941
0.602	0.298	0.049	0.051
0.001	0.078	0.069	0.852
0.001	0.997	0.001	0.001
0.997	0.001	0.001	0.001
0.001	0.001	0.906	0.092
0.095	0.796	0.108	0.001
0.001	0.997	0.001	0.001
>GTCCACAT	5-GTCCACAT	6.848329	-15.964907	0	T:18.0(29.03%),B:3162.3(6.89%),P:1e-6	Tpos:101.2,Tstd:53.4,Bpos:100.1,Bstd:66.6,StrandBias:-0.1,Multiplicity:1.17
0.001	0.052	0.946	0.001
0.185	0.195	0.001	0.619
0.001	0.689	0.001	0.309
0.001	0.829	0.001	0.169
0.878	0.001	0.001	0.120
0.001	0.767	0.231	0.001
0.997	0.001	0.001	0.001
0.001	0.001	0.001	0.997
>GYCAAACR	6-GYCAAACR	7.932140	-15.470472	0	T:10.0(16.13%),B:841.3(1.83%),P:1e-6	Tpos:96.8,Tstd:52.5,Bpos:97.7,Bstd:66.6,StrandBias:-1.2,Multiplicity:1.00
0.001	0.049	0.820	0.130
0.049	0.418	0.136	0.397
0.046	0.952	0.001	0.001
0.997	0.001	0.001	0.001
0.858	0.054	0.087	0.001
0.977	0.001	0.021	0.001
0.322	0.537	0.087	0.054
0.455	0.054	0.484	0.007
>ATTTGTAT	7-ATTTGTAT	10.942625	-14.788169	0	T:8.0(12.90%),B:497.8(1.08%),P:1e-6	Tpos:161.5,Tstd:36.4,Bpos:92.1,Bstd:74.3,StrandBias:0.7,Multiplicity:1.00
0.997	0.001	0.001	0.001
0.001	0.001	0.001	0.997
0.001	0.001	0.001	0.997
0.001	0.001	0.117	0.881
0.001	0.001	0.997	0.001
0.001	0.001	0.001	0.997
0.997	0.001	0.001	0.001
0.001	0.001	0.001	0.997
>AAAGYAAC	8-AAAGYAAC	7.934738	-14.452442	0	T:15.0(24.19%),B:2401.8(5.23%),P:1e-6	Tpos:63.4,Tstd:61.5,Bpos:100.2,Bstd:65.8,StrandBias:0.4,Multiplicity:1.14
0.782	0.001	0.001	0.216
0.962	0.036	0.001	0.001
0.870	0.001	0.128	0.001
0.001	0.279	0.719	0.001
0.001	0.541	0.001	0.457
0.958	0.001	0.001	0.040
0.779	0.001	0.001	0.219
0.420	0.578	0.001	0.001
>CACTAGAG	9-CACTAGAG	9.029101	-13.999287	0	T:7.0(11.29%),B:377.8(0.82%),P:1e-6	Tpos:87.1,Tstd:40.3,Bpos:100.3,Bstd:65.4,StrandBias:2.6,Multiplicity:1.00
0.001	0.997	0.001	0.001
0.997	0.001	0.001	0.001
0.001	0.997	0.001	0.001
0.001	0.001	0.001	0.997
0.997	0.001	0.001	0.001
0.001	0.001	0.997	0.001
0.997	0.001	0.001	0.001
0.130	0.001	0.868	0.001
>CGGTGTGC	10-CGGTGTGC	6.291044	-13.724667	0	T:21.0(33.87%),B:4959.7(10.80%),P:1e-5	Tpos:108.8,Tstd:52.3,Bpos:98.4,Bstd:75.3,StrandBias:-0.2,Multiplicity:1.14
0.100	0.700	0.100	0.100
0.100	0.100	0.700	0.100
0.100	0.100	0.700	0.100
0.100	0.100	0.100	0.700
0.100	0.100	0.700	0.100
0.100	0.100	0.100	0.700
0.100	0.100	0.700	0.100
0.100	0.700	0.100	0.100
>ACAGTAAT	11-ACAGTAAT	8.672427	-12.450654	0	T:8.0(12.90%),B:682.6(1.49%),P:1e-5	Tpos:126.4,Tstd:55.2,Bpos:99.4,Bstd:74.6,StrandBias:-0.7,Multiplicity:1.00
0.997	0.001	0.001	0.001
0.001	0.997	0.001	0.001
0.997	0.001	0.001	0.001
0.001	0.001	0.997	0.001
0.001	0.001	0.001	0.997
0.997	0.001	0.001	0.001
0.997	0.001	0.001	0.001
0.001	0.091	0.001	0.907
>GTCTCTAG	12-GTCTCTAG	7.958919	-11.023668	0	T:10.0(16.13%),B:1389.8(3.03%),P:1e-4	Tpos:55.7,Tstd:59.7,Bpos:101.8,Bstd:67.4,StrandBias:0.3,Multiplicity:1.10
0.001	0.001	0.997	0.001
0.001	0.263	0.001	0.735
0.001	0.723	0.001	0.275
0.001	0.001	0.001	0.997
0.001	0.734	0.264	0.001
0.140	0.031	0.001	0.828
0.997	0.001	0.001	0.001
0.001	0.001	0.997	0.001
>CAAATATT	13-CAAATATT	10.381909	-6.336111	0	T:5.0(8.06%),B:641.3(1.40%),P:1e-2	Tpos:136.0,Tstd:56.3,Bpos:104.2,Bstd:65.8,StrandBias:0.4,Multiplicity:1.75
0.001	0.897	0.101	0.001
0.596	0.064	0.339	0.001
0.997	0.001	0.001	0.001
0.935	0.063	0.001	0.001
0.001	0.001	0.001	0.997
0.997	0.001	0.001	0.001
0.001	0.001	0.001	0.997
0.001	0.001	0.001	0.997
